1.86517354106e-06
1.87455637842e-06
1.8867431365e-06
1.89983806479e-06
1.91311132336e-06
1.92573677054e-06
9.7368243812e-07
8.90535181749e-07
8.21776594126e-07
7.77983517647e-07
7.5775136809e-07
3.56205178157e-07
3.53994209016e-07
3.55835851977e-07
3.65485357063e-07
3.4769623524e-07
3.6568129398e-07
3.89419835073e-07
4.14439190226e-07
4.44270579314e-07
4.7493094629e-07
4.73736104439e-07
5.07407864122e-07
5.42829506456e-07
5.78338955129e-07
6.15930225408e-07
6.52830850379e-07
6.91430241363e-07
7.2941130541e-07
7.67505241713e-07
8.05715437953e-07
8.42880179896e-07
8.8043730559e-07
9.17051424181e-07
9.52650194112e-07
9.88240897722e-07
1.02263327102e-06
1.05597161139e-06
1.08896359511e-06
1.12076465664e-06
1.15140206895e-06
1.18159357067e-06
1.21067453962e-06
1.23864998975e-06
1.2658615278e-06
1.2922503694e-06
1.31761321519e-06
1.34198831488e-06
1.36578657587e-06
1.38867364197e-06
1.41066175023e-06
1.43180735096e-06
1.45242406102e-06
1.4722296441e-06
1.49125874298e-06
1.50954480939e-06
1.52733470344e-06
1.54445089038e-06
1.56090301802e-06
1.57672034032e-06
1.59201830147e-06
1.60682177759e-06
1.6210600852e-06
1.63475828018e-06
1.64794028207e-06
1.66072415624e-06
1.67306224075e-06
1.68494200371e-06
1.69638361917e-06
1.70740630685e-06
1.71809903658e-06
1.72843657423e-06
1.73840159808e-06
1.7480102356e-06
1.75727784138e-06
1.76624182198e-06
1.77495294304e-06
1.78336002918e-06
1.79147595447e-06
1.79931297785e-06
1.80688277383e-06
1.81422492415e-06
1.82135006565e-06
1.82823657818e-06
1.83489424533e-06
1.84133239081e-06
1.84755990176e-06
1.85359911265e-06
1.85947618659e-06
1.8651644067e-06
1.87067124999e-06
1.87600385039e-06
1.88116901604e-06
1.88617324575e-06
1.89104598451e-06
1.89577944791e-06
1.90036806656e-06
1.90481733278e-06
1.90913249531e-06
1.91331857142e-06
1.91738035828e-06
1.92133719983e-06
1.92518726394e-06
1.92892506105e-06
1.93255466516e-06
1.93607997623e-06
1.9395047286e-06
1.94283249892e-06
1.9460676127e-06
1.94922894778e-06
1.95230233816e-06
1.95529083834e-06
1.95819737735e-06
1.96102476457e-06
1.96377569536e-06
1.96645275626e-06
1.96905843008e-06
1.97160775462e-06
1.97409016692e-06
1.97650750514e-06
1.97886190616e-06
1.9811554235e-06
1.98339003099e-06
1.98556762637e-06
1.98769003458e-06
1.98976193224e-06
1.99178765825e-06
1.99376290567e-06
1.99568925369e-06
1.99756822263e-06
1.99940127641e-06
2.00118982502e-06
2.00293522675e-06
2.00463879043e-06
2.00630231005e-06
2.00793107159e-06
2.00952143831e-06
2.01107454891e-06
2.01259150172e-06
2.01407335636e-06
2.01552113528e-06
2.01693582533e-06
2.01831837914e-06
2.01966971651e-06
2.02099146335e-06
2.02228611292e-06
2.02355200307e-06
2.0247899391e-06
2.02600069932e-06
2.02718503607e-06
2.0283436767e-06
2.02947732456e-06
2.03058665991e-06
2.03167234079e-06
2.03273500388e-06
2.03377627638e-06
2.034796173e-06
2.03579478987e-06
2.03677268767e-06
2.03773040935e-06
2.03866848078e-06
2.03958741134e-06
2.04048769457e-06
2.04136980869e-06
2.04223421721e-06
2.04308136938e-06
2.04391182521e-06
2.04472606051e-06
2.04552429678e-06
2.04630693164e-06
2.04707435082e-06
2.04782692857e-06
2.04856502808e-06
2.04928900181e-06
2.04999919191e-06
2.05069593057e-06
2.05137954029e-06
2.05205033432e-06
2.05270847984e-06
2.05335415747e-06
2.05398791856e-06
2.05461004171e-06
2.05522079767e-06
2.05582044959e-06
2.0564092533e-06
2.0569874575e-06
2.05755530402e-06
2.05811302804e-06
2.0586608583e-06
2.05919901732e-06
2.05972772157e-06
2.06026579855e-06
2.06081615998e-06
2.06135645391e-06
2.06188691106e-06
2.0624077558e-06
2.06291920639e-06
2.06342147514e-06
2.06391476864e-06
2.06439928791e-06
2.06487522855e-06
2.06534278099e-06
2.06580213054e-06
2.06625345766e-06
2.06669693801e-06
2.0671317325e-06
2.06755857363e-06
2.06797811121e-06
2.06839050206e-06
2.06879589899e-06
2.06919445086e-06
2.06958630277e-06
2.0699715961e-06
2.07035046867e-06
2.07072305481e-06
2.0710894855e-06
2.07144988844e-06
2.07180438813e-06
2.07215310603e-06
2.07249616055e-06
2.07283203497e-06
2.07316243174e-06
2.07348754989e-06
2.07380749548e-06
2.07412237197e-06
2.07443228035e-06
2.07473731919e-06
2.07503758472e-06
2.07533317088e-06
2.07562416939e-06
2.07591066981e-06
2.07619275959e-06
2.07647052416e-06
2.07674404694e-06
2.07701340943e-06
2.07727842749e-06
2.07753842606e-06
2.07779453097e-06
2.07804681566e-06
2.07829535188e-06
2.0785402098e-06
2.07878145796e-06
2.07901916341e-06
2.07925339167e-06
2.07948420682e-06
2.07971167151e-06
2.07993584701e-06
2.08015679324e-06
2.08037456881e-06
2.08058923105e-06
2.08080083604e-06
2.08100943865e-06
2.08121496938e-06
2.08141740056e-06
2.08161699495e-06
2.08181380267e-06
2.08200787277e-06
2.08219925325e-06
2.08238799111e-06
2.08257413235e-06
2.08275772202e-06
2.08293880422e-06
2.08311742213e-06
2.08329361803e-06
2.08346743335e-06
2.08363890864e-06
2.08380808364e-06
2.08397499725e-06
2.08413968761e-06
2.08430219206e-06
2.08446287012e-06
2.08462195355e-06
2.08477893936e-06
2.08493386239e-06
2.08508675683e-06
2.08523765614e-06
2.08538659314e-06
2.08553360001e-06
2.08567870826e-06
2.08582194882e-06
2.08596335199e-06
2.08610294748e-06
2.08624076443e-06
2.0863768314e-06
2.08651117641e-06
2.08664382694e-06
2.08677480993e-06
2.08690415182e-06
2.08703187854e-06
2.08715792589e-06
2.0872818784e-06
2.08740430382e-06
2.08752522592e-06
2.08764466798e-06
2.08776265287e-06
2.08787920303e-06
2.08799434048e-06
2.08810801447e-06
2.08822026405e-06
2.08833116723e-06
2.08844074441e-06
2.0885490156e-06
2.08865598152e-06
2.08124848632e-06
2.04491335126e-06
2.02724212833e-06
2.0275822389e-06
2.02791963525e-06
2.02825434802e-06
2.02858636429e-06
2.02897432816e-06
2.02940123848e-06
2.02982430233e-06
2.03024356593e-06
2.03065907481e-06
2.03107087383e-06
2.03147900716e-06
2.03188351834e-06
2.03228445025e-06
2.03268184515e-06
2.03307574466e-06
2.03346618981e-06
2.03385322101e-06
2.03423687811e-06
2.03461720036e-06
2.03499422643e-06
2.03536799445e-06
2.03573854201e-06
2.03610590613e-06
2.03647012332e-06
2.03683122957e-06
2.03718926034e-06
2.0376117292e-06
2.03807476644e-06
2.03853312758e-06
2.03898687252e-06
2.03943606023e-06
2.03988074876e-06
2.04032099528e-06
2.04075685608e-06
2.04118838659e-06
2.04161564141e-06
2.04203867427e-06
2.04245753813e-06
2.04287228511e-06
2.04328296658e-06
2.04368963312e-06
2.04409233454e-06
2.04449111992e-06
2.0448860376e-06
2.0452771352e-06
2.04566445963e-06
2.0460479804e-06
2.04642780616e-06
2.04680399691e-06
2.04717970419e-06
2.04757875038e-06
2.04797377103e-06
2.04836479812e-06
2.04209855687e-06
2.02034943353e-06
2.00499156275e-06
2.00557058277e-06
2.00614450604e-06
2.00671339071e-06
2.00727729414e-06
2.00783794835e-06
2.00840489429e-06
2.00896686967e-06
2.00952393068e-06
2.01007613276e-06
2.0106235306e-06
2.01116617812e-06
2.01170412851e-06
2.01223743425e-06
2.01276614709e-06
2.01329031809e-06
2.01380999761e-06
2.01432523534e-06
2.01483608031e-06
2.01534258087e-06
2.01589991209e-06
2.01645315848e-06
2.01700146553e-06
2.01754488884e-06
2.0180834833e-06
2.01861730304e-06
2.01914640145e-06
2.01967083124e-06
2.02019064438e-06
2.02070589215e-06
2.02121662517e-06
2.02172289337e-06
2.02222474601e-06
2.02272223172e-06
2.02321539846e-06
2.02370429359e-06
2.02418896381e-06
2.02466945523e-06
2.02514581336e-06
2.0256180831e-06
2.02608630877e-06
2.02655053411e-06
2.02701080231e-06
2.02746715597e-06
2.02791963716e-06
2.02836828741e-06
2.02881411843e-06
2.02926252652e-06
2.02970712856e-06
2.03014796522e-06
2.03058507668e-06
2.03101850256e-06
2.03144828202e-06
2.0318744537e-06
2.03229705574e-06
2.03271612581e-06
2.0331317011e-06
2.03354381833e-06
2.03395251375e-06
2.03435782318e-06
2.03475978195e-06
2.03515842498e-06
2.03555378673e-06
2.03594590125e-06
2.03633480216e-06
2.03672052266e-06
2.03710309553e-06
2.03748255315e-06
2.03785892752e-06
2.03823225021e-06
2.03860255242e-06
2.03896986498e-06
2.03933421831e-06
2.03969564249e-06
2.04005416722e-06
2.04041078223e-06
2.04076582136e-06
2.04111801697e-06
2.04146739774e-06
2.04181399204e-06
2.04215782787e-06
2.0424989329e-06
2.04283733447e-06
2.04317305959e-06
2.04350613495e-06
2.0438365869e-06
2.04416444151e-06
2.04448972451e-06
2.04481246134e-06
2.04513267711e-06
2.04545039668e-06
2.04576564458e-06
2.04607844505e-06
2.04638882206e-06
2.04669679929e-06
2.04700240014e-06
2.04730564775e-06
2.04760656497e-06
2.04790517439e-06
2.04820149834e-06
2.04849555889e-06
2.04878737785e-06
2.04907697678e-06
2.04936437699e-06
2.04964959954e-06
2.04993266526e-06
2.05020991216e-06
2.05048381757e-06
2.05075569061e-06
2.05102555037e-06
2.05129341572e-06
2.05155930533e-06
2.05182323764e-06
2.0520852309e-06
2.05234530313e-06
2.05260347217e-06
2.05285975565e-06
2.05311417102e-06
2.0533667355e-06
2.05361746616e-06
2.05386637986e-06
2.05411349326e-06
2.05435882286e-06
2.05460238496e-06
2.0548441957e-06
2.05508427101e-06
2.05532262669e-06
2.05555927832e-06
2.05579424134e-06
2.05602753101e-06
2.05625916244e-06
2.05648915054e-06
2.05671751009e-06
2.0569442557e-06
2.05716940183e-06
2.05739296276e-06
2.05761495263e-06
2.05783538544e-06
2.05805427503e-06
2.05827066177e-06
2.05848548151e-06
2.05869881092e-06
2.05891066311e-06
2.05912105106e-06
2.05932998759e-06
2.05953748542e-06
2.0597435571e-06
2.05994821508e-06
2.06015147164e-06
2.06035333897e-06
2.06055382912e-06
2.06075295399e-06
2.06095072539e-06
2.06114715498e-06
2.06134225432e-06
2.06153603484e-06
2.06172850784e-06
2.06191968452e-06
2.06210957597e-06
2.06229819314e-06
2.06248554688e-06
2.06267164793e-06
2.06285650693e-06
2.06304013439e-06
2.06322254072e-06
2.06340373623e-06
2.06358373112e-06
2.06376253549e-06
2.06394015933e-06
2.06411661254e-06
2.0642919049e-06
2.06446604611e-06
2.06463904577e-06
2.06481091338e-06
2.06498194951e-06
2.06515191105e-06
2.06532076475e-06
2.06548851979e-06
2.06565518521e-06
2.06582077002e-06
2.06598528311e-06
2.06614873327e-06
2.06631112922e-06
2.0664724796e-06
2.06663279295e-06
2.06679207772e-06
2.06695034231e-06
2.06710759499e-06
2.06726384399e-06
2.06741909744e-06
2.06757336338e-06
2.0677266498e-06
2.06787896459e-06
2.06803031557e-06
2.06818071048e-06
2.06833015699e-06
2.0684786627e-06
2.06862623511e-06
2.06877288169e-06
2.06891860981e-06
2.06906342676e-06
2.06920733979e-06
2.06935035606e-06
2.06949248266e-06
2.06963372663e-06
2.06977409492e-06
2.06991359443e-06
2.07005223199e-06
2.07019001435e-06
2.07032694823e-06
2.07046304026e-06
2.07059937405e-06
2.07073655964e-06
2.07087289363e-06
2.07100838271e-06
2.07114303353e-06
2.07127685264e-06
2.07140984655e-06
2.0715420217e-06
2.07167338447e-06
2.07180394118e-06
2.0719336981e-06
2.07206266144e-06
2.07219083733e-06
2.07231823186e-06
2.07244485107e-06
2.07257070093e-06
2.07269578736e-06
2.07282011623e-06
2.07294369334e-06
2.07306652445e-06
2.07318861527e-06
2.07330997144e-06
2.07343059857e-06
2.07355050219e-06
2.07366968782e-06
2.07378816088e-06
2.07390592678e-06
2.07402299087e-06
2.07413935844e-06
2.07425503473e-06
2.07437002496e-06
2.07448433428e-06
2.07459796778e-06
2.07471093055e-06
2.07482322758e-06
2.07493486385e-06
2.07504584428e-06
2.07515617376e-06
2.07526585712e-06
2.07537489916e-06
2.07548444296e-06
2.07559579922e-06
2.07570649159e-06
2.07581652506e-06
2.07592590457e-06
2.07603463502e-06
2.07614272126e-06
2.07625016811e-06
2.07635698034e-06
2.07646316266e-06
2.07656871977e-06
2.0766736563e-06
2.07677797686e-06
2.07688168599e-06
2.07698478823e-06
2.07708728804e-06
2.07718918987e-06
2.07729049811e-06
2.07739121712e-06
2.07749135123e-06
2.07759090471e-06
2.07768988182e-06
2.07778828675e-06
2.07788612368e-06
2.07798339675e-06
2.07808011005e-06
2.07817626764e-06
2.07827187355e-06
2.07836693177e-06
2.07846144625e-06
2.07855542093e-06
2.07864885968e-06
2.07874176637e-06
2.0788341448e-06
2.07892599878e-06
2.07901733205e-06
2.07910814834e-06
2.07919845133e-06
2.0792882447e-06
2.07937753205e-06
2.079466317e-06
2.07955460311e-06
2.0796423939e-06
2.07972973084e-06
2.07981662023e-06
2.07990302395e-06
2.07998894543e-06
2.08007438806e-06
2.0801593552e-06
2.08024385019e-06
2.08032787635e-06
2.08041143695e-06
2.08049453524e-06
2.08057717446e-06
2.0806593578e-06
2.08074108844e-06
2.08082236951e-06
2.08090320414e-06
2.08098359542e-06
2.08106354642e-06
2.08114306018e-06
2.08122213971e-06
2.08130078801e-06
2.08137900805e-06
2.08145680276e-06
2.08153417507e-06
2.08161112786e-06
2.08168766401e-06
2.08176378636e-06
2.08183949773e-06
2.08191480093e-06
2.08198969873e-06
2.08206419388e-06
2.08213828912e-06
2.08221198714e-06
2.08228529065e-06
2.0823582023e-06
2.08243072474e-06
2.08250286059e-06
2.08257461244e-06
2.08264598288e-06
2.08271697447e-06
2.08278758974e-06
2.08285783121e-06
2.08292770137e-06
2.08299720271e-06
2.08306633768e-06
2.08313510872e-06
2.08320351824e-06
2.08327210423e-06
2.0833405732e-06
2.08340868082e-06
2.0834764295e-06
2.08354382163e-06
2.08361085956e-06
2.08367754563e-06
2.08374388219e-06
2.08380987152e-06
2.08387551593e-06
2.08394081768e-06
2.08400577903e-06
2.0840704022e-06
2.08413468943e-06
2.0841986429e-06
2.08426226481e-06
2.08432555731e-06
2.08438852255e-06
2.08445116268e-06
2.08451347979e-06
2.08457547599e-06
2.08463715337e-06
2.08469851398e-06
2.08475955988e-06
2.0848202931e-06
2.08488071565e-06
2.08494082955e-06
2.08500063677e-06
2.08506013928e-06
2.08511933905e-06
2.08517823802e-06
2.0852368381e-06
2.08529514121e-06
2.08535314925e-06
2.0854108641e-06
2.08546828762e-06
2.08552542166e-06
2.08558226808e-06
2.08563882868e-06
2.08569510529e-06
2.08575109969e-06
2.08580681367e-06
2.085862249e-06
2.08591740744e-06
2.08597229073e-06
2.0860269006e-06
2.08608123876e-06
2.08613530692e-06
2.08618910677e-06
2.08624316645e-06
2.0862971476e-06
2.08635085931e-06
2.08640430328e-06
2.08645748117e-06
2.08651039466e-06
2.0865630454e-06
2.08661543502e-06
2.08666756516e-06
2.08671943744e-06
2.08677105345e-06
2.08682241479e-06
2.08687352304e-06
2.08692437977e-06
2.08697498653e-06
2.08702534488e-06
2.08707545633e-06
2.08712532242e-06
2.08717494466e-06
2.08722432454e-06
2.08727346356e-06
2.08732236319e-06
2.0873710249e-06
2.08741945014e-06
2.08746764037e-06
2.08751559701e-06
2.08756332148e-06
2.08761081521e-06
2.0876580796e-06
2.08770511603e-06
2.08775192589e-06
2.08779851056e-06
2.08784487139e-06
2.08789100974e-06
2.08793692696e-06
2.08798262436e-06
2.08802810329e-06
2.08807336505e-06
2.08811841095e-06
2.08816324227e-06
2.08820786032e-06
2.08825226636e-06
2.08829646166e-06
2.08834044747e-06
2.08838422506e-06
2.08842779565e-06
2.08847116048e-06
2.08851432077e-06
2.08855727774e-06
2.08860003259e-06
2.08864258651e-06
2.0886849407e-06
2.08872709139e-06
2.08876903743e-06
2.08881078736e-06
2.08885234231e-06
2.08889370344e-06
2.08893487188e-06
2.08897584876e-06
2.08901663521e-06
2.08905723233e-06
2.08909764123e-06
2.08913786302e-06
2.08917789877e-06
2.08921774957e-06
2.08925741651e-06
2.08929690063e-06
2.08933620302e-06
2.0893753247e-06
2.08941426675e-06
2.08945303018e-06
2.08949161603e-06
2.08953002533e-06
2.08956825909e-06
2.08960631831e-06
2.08964420401e-06
2.08968191718e-06
2.08971945881e-06
2.08975682988e-06
2.08979403135e-06
2.08983106421e-06
2.08986792942e-06
2.08990462792e-06
2.08994116067e-06
2.08997752861e-06
2.09001373267e-06
2.09004977379e-06
2.09008565289e-06
2.09012137087e-06
2.09015692867e-06
2.09019232716e-06
2.09022756727e-06
2.09026264987e-06
2.09029757586e-06
2.0903323461e-06
2.09036696149e-06
2.09040142288e-06
2.09043573113e-06
2.09046988711e-06
2.09050389167e-06
2.09053774564e-06
2.09057144987e-06
2.09060500519e-06
2.09063841243e-06
2.09067167241e-06
2.09070478595e-06
2.09073775386e-06
2.09077057695e-06
2.09080325206e-06
2.09083577937e-06
2.09086816432e-06
2.09090040767e-06
2.09093251022e-06
2.09096447272e-06
2.09099629596e-06
2.0910279807e-06
2.09105952769e-06
2.09109093769e-06
2.09112221145e-06
2.09115334971e-06
2.09118435321e-06
2.09121522269e-06
2.09124595886e-06
2.09127656247e-06
2.09130703422e-06
2.09133737483e-06
2.09136758502e-06
2.09139766549e-06
2.09142761693e-06
2.09145744005e-06
2.09148713554e-06
2.09151670409e-06
2.09154614637e-06
2.09157546307e-06
2.09160465487e-06
2.09163372242e-06
2.0916626664e-06
2.09169148747e-06
2.09172018629e-06
2.0917487635e-06
2.09177721976e-06
2.09180555571e-06
2.09183377199e-06
2.09186186924e-06
2.09188984808e-06
2.09191770916e-06
2.09194545309e-06
2.09197308048e-06
2.09200059197e-06
2.09202798816e-06
2.09205526965e-06
2.09208243706e-06
2.09210949097e-06
2.092136432e-06
2.09216326074e-06
2.09218997776e-06
2.09221658366e-06
2.09224307902e-06
2.09226946442e-06
2.09229574043e-06
2.09232190762e-06
2.09234796657e-06
2.09237391782e-06
2.09239976196e-06
2.09242549952e-06
2.09245113106e-06
2.09247665715e-06
2.09250207831e-06
2.09252738993e-06
2.09255259511e-06
2.09257769705e-06
2.09260269627e-06
2.09262759331e-06
2.0926523887e-06
2.09267708294e-06
2.09270167657e-06
2.0927261701e-06
2.09275056404e-06
2.0927748589e-06
2.09279905519e-06
2.09282315342e-06
2.09284715407e-06
2.09287105766e-06
2.09289486467e-06
2.0929185756e-06
2.09294219093e-06
2.09296571115e-06
2.09298913674e-06
2.09301246819e-06
2.09303570596e-06
2.09305885053e-06
2.09308190237e-06
2.09310486195e-06
2.09312772974e-06
2.09315050619e-06
2.09317319177e-06
2.09319578693e-06
2.09321829213e-06
2.09324070781e-06
2.09326303443e-06
2.09328527243e-06
2.09330742225e-06
2.09332948434e-06
2.09335145913e-06
2.09337334706e-06
2.09339514855e-06
2.09341686404e-06
2.09343849396e-06
2.09346003873e-06
2.09348149877e-06
2.09350287451e-06
2.09352416635e-06
2.09354537472e-06
2.09356650002e-06
2.09358754266e-06
2.09360850306e-06
2.09362938162e-06
2.09365017874e-06
2.09367089482e-06
2.09369153025e-06
2.09371208544e-06
2.09373256077e-06
2.09375295664e-06
2.09377327344e-06
2.09379351154e-06
2.09381367134e-06
2.09383375322e-06
2.09385375755e-06
2.09387368472e-06
2.09389353509e-06
2.09391330904e-06
2.09393300694e-06
2.09395262844e-06
2.09397217436e-06
2.09399164534e-06
2.09401104174e-06
2.09403036391e-06
2.09404961222e-06
2.09406878702e-06
2.09408788866e-06
2.0941069175e-06
2.09412587389e-06
2.09414475816e-06
2.09416357068e-06
2.09418231177e-06
2.09420098179e-06
2.09421958107e-06
2.09423810995e-06
2.09425656877e-06
2.09427495785e-06
2.09429327753e-06
2.09431152815e-06
2.09432971002e-06
2.09434782348e-06
2.09436586885e-06
2.09438384644e-06
2.09440175659e-06
2.09441959961e-06
2.09443737582e-06
2.09445508553e-06
2.09447272905e-06
2.0944903067e-06
2.09450781879e-06
2.09452526562e-06
2.0945426475e-06
2.09455996474e-06
2.09457721764e-06
2.09459440649e-06
2.09461153161e-06
2.09462859328e-06
2.0946455918e-06
2.09466252747e-06
2.09467940058e-06
2.09469621142e-06
2.09471296028e-06
2.09472964744e-06
2.0947462732e-06
2.09476283784e-06
2.09477934164e-06
2.09479578488e-06
2.09481216784e-06
2.09482849081e-06
2.09484475405e-06
2.09486095784e-06
2.09487710246e-06
2.09489318818e-06
2.09490921527e-06
2.094925184e-06
2.09494109463e-06
2.09495694743e-06
2.09497274267e-06
2.09498848061e-06
2.09500416151e-06
2.09501978563e-06
2.09503535323e-06
2.09505086457e-06
2.0950663199e-06
2.09508171948e-06
2.09509706357e-06
2.0951123524e-06
2.09512758557e-06
2.09514276296e-06
2.09515788587e-06
2.09517295454e-06
2.0951879692e-06
2.09520293012e-06
2.09521783752e-06
2.09523269165e-06
2.09524749275e-06
2.09526224105e-06
2.0952769368e-06
2.09529158023e-06
2.09530617157e-06
2.09532071106e-06
2.09533519893e-06
2.09534963541e-06
2.09536402073e-06
2.09537835512e-06
2.0953926388e-06
2.09540687199e-06
2.09542105494e-06
2.09543518785e-06
2.09544927095e-06
2.09546330446e-06
2.0954772886e-06
2.09549122358e-06
2.09550510964e-06
2.09551894697e-06
2.0955327358e-06
2.09554647634e-06
2.0955601688e-06
2.09557381339e-06
2.09558741033e-06
2.09560095983e-06
2.09561446208e-06
2.0956279173e-06
2.0956413257e-06
2.09565468747e-06
2.09566800283e-06
2.09568127197e-06
2.09569449509e-06
2.0957076724e-06
2.0957208041e-06
2.09573389038e-06
2.09574693144e-06
2.09575992748e-06
2.09577287868e-06
2.09578578526e-06
2.09579864739e-06
2.09581146527e-06
2.09582423908e-06
2.09583696903e-06
2.0958496553e-06
2.09586229807e-06
2.09587489754e-06
2.09588745388e-06
2.09589996729e-06
2.09591243794e-06
2.09592486602e-06
2.09593725171e-06
2.0959495952e-06
2.09596189665e-06
2.09597415625e-06
2.09598637418e-06
2.09599855061e-06
2.09601068572e-06
2.09602277968e-06
2.09603483267e-06
2.09604684486e-06
2.09605881643e-06
2.09607074753e-06
2.09608263835e-06
2.09609448905e-06
2.09610629832e-06
2.09611806499e-06
2.09612979207e-06
2.09614147972e-06
2.09615312811e-06
2.0961647374e-06
2.09617630775e-06
2.09618783932e-06
2.09619933228e-06
2.09621078678e-06
2.09622220298e-06
2.09623358104e-06
2.09624492112e-06
2.09625622337e-06
2.09626748795e-06
2.09627871501e-06
2.0962899047e-06
2.09630105718e-06
2.09631217259e-06
2.0963232511e-06
2.09633429284e-06
2.09634529797e-06
2.09635626663e-06
2.09636719897e-06
2.09637809514e-06
2.09638895528e-06
2.09639977953e-06
2.09641056804e-06
2.09642132096e-06
2.09643203841e-06
2.09644272055e-06
2.09645336751e-06
2.09646397944e-06
2.09647455646e-06
2.09648509871e-06
2.09649560634e-06
2.09650607948e-06
2.09651651826e-06
2.09652692281e-06
2.09653729327e-06
2.09654762976e-06
2.09655793243e-06
2.0965682014e-06
2.09657843679e-06
2.09658863874e-06
2.09659880737e-06
2.09660894281e-06
2.09661904518e-06
2.09662911461e-06
2.09663915123e-06
2.09664915514e-06
2.09665912649e-06
2.09666906538e-06
2.09667897193e-06
2.09668884627e-06
2.09669868851e-06
2.09670849877e-06
2.09671827717e-06
2.09672802381e-06
2.09673773882e-06
2.09674742231e-06
2.09675707438e-06
2.09676669516e-06
2.09677628474e-06
2.09678584325e-06
2.09679537078e-06
2.09680486745e-06
2.09681433336e-06
2.09682376862e-06
2.09683317332e-06
2.09684254758e-06
2.0968518915e-06
2.09686120518e-06
2.09687048871e-06
2.0968797422e-06
2.09688896575e-06
2.09689815944e-06
2.09690732339e-06
2.09691645732e-06
2.09692556062e-06
2.09693463446e-06
2.09694367892e-06
2.09695269411e-06
2.09696168011e-06
2.09697063701e-06
2.09697956489e-06
2.09698846385e-06
2.09699733397e-06
2.09700617533e-06
2.09701498801e-06
2.0970237721e-06
2.09703252768e-06
2.09704125483e-06
2.09704995362e-06
2.09705862413e-06
2.09706726644e-06
2.09707588063e-06
2.09708446676e-06
2.0970930249e-06
2.09710155514e-06
2.09711005754e-06
2.09711853216e-06
2.09712697908e-06
2.09713539836e-06
2.09714379007e-06
2.09715215426e-06
2.097160491e-06
2.09716880035e-06
2.09717708238e-06
2.09718533713e-06
2.09719356466e-06
2.09720176503e-06
2.0972099383e-06
2.09721808451e-06
2.09722620372e-06
2.09723429598e-06
2.09724236132e-06
2.09725039981e-06
2.09725841148e-06
2.09726639638e-06
2.09727435455e-06
2.09728228603e-06
2.09729019086e-06
2.09729806908e-06
2.09730592072e-06
2.09731374582e-06
2.0973215444e-06
2.09732931651e-06
2.09733706216e-06
2.09734478139e-06
2.09735247422e-06
2.09736014068e-06
2.09736778079e-06
2.09737539457e-06
2.09738298203e-06
2.0973905432e-06
2.09739807809e-06
2.09740558672e-06
2.09741306909e-06
2.09742052522e-06
2.09742795512e-06
2.09743535878e-06
2.09744273621e-06
2.09745008743e-06
2.09745741242e-06
2.09746471118e-06
2.09747198372e-06
2.09747923002e-06
2.09748645008e-06
2.09749364389e-06
2.09750081143e-06
2.0975079527e-06
2.09751506767e-06
2.09752215633e-06
2.09752921866e-06
2.09753625463e-06
2.09754326422e-06
2.09755024741e-06
2.09755720416e-06
2.09756413444e-06
2.09757103822e-06
2.09757791547e-06
2.09758480096e-06
2.09759167035e-06
2.09759851285e-06
2.0976053284e-06
2.09761211696e-06
2.09761887848e-06
2.09762561291e-06
2.0976323202e-06
2.09763900029e-06
2.09764565311e-06
2.0976522786e-06
2.09765887671e-06
2.09766544736e-06
2.09767199048e-06
2.09767850599e-06
2.09768499383e-06
2.09769145392e-06
2.09769788617e-06
2.09770429049e-06
2.0977106668e-06
2.09771701502e-06
2.09772333504e-06
2.09772962678e-06
2.09773589013e-06
2.09774212499e-06
2.09774833125e-06
2.09775450882e-06
2.09776065757e-06
2.0977667774e-06
2.09777286818e-06
2.0977789298e-06
2.09778496213e-06
2.09779096504e-06
2.09779693841e-06
2.0978028821e-06
2.09780879598e-06
2.0978146799e-06
2.09782053373e-06
2.09782635731e-06
2.09783215049e-06
2.09783791312e-06
2.09784364505e-06
2.09784934612e-06
2.09785501615e-06
2.09786065498e-06
2.09786626245e-06
2.09787183837e-06
2.09787738256e-06
2.09788289485e-06
2.09788837504e-06
2.09789382296e-06
2.0978992384e-06
2.09790462116e-06
2.09790997105e-06
2.09791528785e-06
2.09792057137e-06
2.09792582139e-06
2.09793103768e-06
2.09793622003e-06
2.09794136822e-06
2.09794648201e-06
2.09795156117e-06
2.09795660546e-06
2.09796161464e-06
2.09796658847e-06
2.09797152669e-06
2.09797642905e-06
2.09798129529e-06
2.09798612515e-06
2.09799091836e-06
2.09799567464e-06
2.09800039373e-06
2.09800507534e-06
2.09800971919e-06
2.09801432498e-06
2.09801889242e-06
2.09802342121e-06
2.09802791105e-06
2.09803236163e-06
2.09803677263e-06
2.09804114374e-06
2.09804547464e-06
2.098049765e-06
2.09805401448e-06
2.09805822275e-06
2.09806238947e-06
2.09806651429e-06
2.09807059686e-06
2.09807463682e-06
2.09807866847e-06
2.09808268835e-06
2.09808666421e-06
2.09809059569e-06
2.09809448241e-06
2.09809832398e-06
2.09810212e-06
2.09810587009e-06
2.09810957385e-06
2.09811323086e-06
2.09811684071e-06
2.098120403e-06
2.09812391728e-06
2.09812738315e-06
2.09813080016e-06
2.09813416787e-06
2.09813748584e-06
2.09814075363e-06
2.09814397077e-06
2.0981471368e-06
2.09815025126e-06
2.09815331367e-06
2.09815632357e-06
2.09815928045e-06
2.09816218384e-06
2.09816503324e-06
2.09816782814e-06
2.09817056804e-06
2.09817325243e-06
2.09817588079e-06
2.09817845259e-06
2.09818096731e-06
2.0981834244e-06
2.09818582333e-06
2.09818816354e-06
2.09819044448e-06
2.09819266559e-06
2.0981948263e-06
2.09819692604e-06
2.09819896424e-06
2.09820094029e-06
2.09820285363e-06
2.09820470363e-06
2.09820648971e-06
2.09820821125e-06
2.09820986763e-06
2.09821145823e-06
2.09821298243e-06
2.09821443958e-06
2.09821582904e-06
2.09821715017e-06
2.0982184023e-06
2.09821958479e-06
2.09822069695e-06
2.09822173811e-06
2.0982227076e-06
2.09822360473e-06
2.09822442879e-06
2.09822517909e-06
2.09822585492e-06
2.09822645557e-06
2.09822698032e-06
2.09822742843e-06
2.09822779918e-06
2.09822809181e-06
2.09822830559e-06
2.09822843976e-06
2.09822849355e-06
2.0982284662e-06
2.09822835694e-06
2.09822816497e-06
2.09822788951e-06
2.09822752977e-06
2.09822708493e-06
2.0982265542e-06
2.09822593675e-06
2.09822523177e-06
2.09822443841e-06
2.09822355584e-06
2.09822258321e-06
2.09822151969e-06
2.09822036439e-06
2.09821911647e-06
2.09821777503e-06
2.09821633922e-06
2.09821480813e-06
2.09821318087e-06
2.09821145655e-06
2.09820963425e-06
2.09820771305e-06
2.09820569204e-06
2.09820357027e-06
2.09820134683e-06
2.09819902075e-06
2.09819659109e-06
2.09819405702e-06
2.09819141846e-06
2.09818867346e-06
2.09818582105e-06
2.09818286024e-06
2.09817979004e-06
2.09817660945e-06
2.09817331745e-06
2.09816991303e-06
2.09816639516e-06
2.09816276282e-06
2.09815901496e-06
2.09815515054e-06
2.09815116851e-06
2.0981470678e-06
2.09814284736e-06
2.09813850609e-06
2.09813404293e-06
2.09812945678e-06
2.09812474654e-06
2.09811991112e-06
2.09811494939e-06
2.09810986024e-06
2.09810464254e-06
2.09809929517e-06
2.09809381697e-06
2.0980882068e-06
2.0980824635e-06
2.09807658592e-06
2.09807057287e-06
2.09806442319e-06
2.09805813568e-06
2.09805170916e-06
2.09804514243e-06
2.09803843427e-06
2.09803158348e-06
2.09802458883e-06
2.0980174491e-06
2.09801016304e-06
2.09800272941e-06
2.09799514697e-06
2.09798741445e-06
2.09797953059e-06
2.09797149411e-06
2.09796330374e-06
2.09795495819e-06
2.09794645617e-06
2.09793779636e-06
2.09792897747e-06
2.09791999818e-06
2.09791085716e-06
2.09790155309e-06
2.09789208462e-06
2.09788245041e-06
2.09787264911e-06
2.09786267935e-06
2.09785253979e-06
2.09784222903e-06
2.09783174569e-06
2.0978210884e-06
2.09781025576e-06
2.09779924636e-06
2.0977880588e-06
2.09777669165e-06
2.0977651435e-06
2.09775341292e-06
2.09774149847e-06
2.0977293987e-06
2.09771711217e-06
2.09770463741e-06
2.09769197296e-06
2.09767911736e-06
2.09766606912e-06
2.09765282675e-06
2.09763938877e-06
2.09762575367e-06
2.09761191995e-06
2.0975978861e-06
2.0975836506e-06
2.09756921192e-06
2.09755456853e-06
2.09753971888e-06
2.09752466144e-06
2.09750939465e-06
2.09749391695e-06
2.09747822678e-06
2.09746232256e-06
2.09744620271e-06
2.09742986565e-06
2.09741330979e-06
2.09739653352e-06
2.09737953525e-06
2.09736231336e-06
2.09734486623e-06
2.09732719224e-06
2.09730928977e-06
2.09729115716e-06
2.09727279279e-06
2.09725419499e-06
2.09723536212e-06
2.09721629252e-06
2.09719698451e-06
2.09717734947e-06
2.09715691826e-06
2.09713622865e-06
2.09711527878e-06
2.09709406678e-06
2.09707259076e-06
2.09705084884e-06
2.09702883914e-06
2.09700655975e-06
2.09698400877e-06
2.0969611843e-06
2.09693808441e-06
2.09691470717e-06
2.09689105067e-06
2.09686711295e-06
2.09684289209e-06
2.09681838612e-06
2.09679359309e-06
2.09676851104e-06
2.096743138e-06
2.096717472e-06
2.09669151104e-06
2.09666525315e-06
2.09663869633e-06
2.09661183858e-06
2.09658467789e-06
2.09655721225e-06
2.09652943965e-06
2.09650135806e-06
2.09647296544e-06
2.09644425977e-06
2.096415239e-06
2.09638590109e-06
2.09635624398e-06
2.09632626561e-06
2.09629596393e-06
2.09626533685e-06
2.09623438231e-06
2.09620309822e-06
2.0961714825e-06
2.09613953306e-06
2.0961072478e-06
2.09607462462e-06
2.09604166141e-06
2.09600835606e-06
2.09597470645e-06
2.09594071047e-06
2.09590636598e-06
2.09587167085e-06
2.09583662294e-06
2.09580122012e-06
2.09576546024e-06
2.09572934114e-06
2.09569286067e-06
2.09565601667e-06
2.09561880698e-06
2.09558122942e-06
2.09554328182e-06
2.09550496201e-06
2.09546626779e-06
2.09542719699e-06
2.09538774742e-06
2.09534791687e-06
2.09530770315e-06
2.09526710406e-06
2.09522611738e-06
2.09518474092e-06
2.09514297244e-06
2.09510080974e-06
2.09505825059e-06
2.09501529277e-06
2.09497193404e-06
2.09492817217e-06
2.09488400493e-06
2.09483943007e-06
2.09479444535e-06
2.09474904853e-06
2.09470323735e-06
2.09465700956e-06
2.0946103629e-06
2.09456329512e-06
2.09451580395e-06
2.09446788712e-06
2.09441954237e-06
2.09437076743e-06
2.09432156002e-06
2.09427191786e-06
2.09422183867e-06
2.09417132018e-06
2.09412036009e-06
2.09406895613e-06
2.094017106e-06
2.0939648074e-06
2.09391205805e-06
2.09385885564e-06
2.09380519789e-06
2.09375108249e-06
2.09369650713e-06
2.09364146951e-06
2.09358596732e-06
2.09352999826e-06
2.09347356002e-06
2.09341665028e-06
2.09335926673e-06
2.09330140705e-06
2.09324306894e-06
2.09318425006e-06
2.0931249481e-06
2.09306516074e-06
2.09300479474e-06
2.09294324406e-06
2.09288118785e-06
2.09281862367e-06
2.09275554908e-06
2.09269196168e-06
2.09262785901e-06
2.09256323866e-06
2.09249809818e-06
2.09243243515e-06
2.09236624712e-06
2.09229953168e-06
2.09223228637e-06
2.09216450877e-06
2.09209619643e-06
2.09202734693e-06
2.09195795782e-06
2.09188802666e-06
2.09181755103e-06
2.09174652847e-06
2.09167495656e-06
2.09160283285e-06
2.0915301549e-06
2.09145692029e-06
2.09138312656e-06
2.09130877129e-06
2.09123385204e-06
2.09115836636e-06
2.09108231183e-06
2.09100568601e-06
2.09092848647e-06
2.09085071076e-06
2.09077235646e-06
2.09069342114e-06
2.09061390235e-06
2.09053379768e-06
2.09045310469e-06
2.09037182095e-06
2.09028994403e-06
2.09020747152e-06
2.09012440098e-06
2.09004072999e-06
2.08995645613e-06
2.08987157698e-06
2.08978609012e-06
2.08969999312e-06
2.08961328359e-06
2.08952595909e-06
2.08943801723e-06
2.08934945558e-06
2.08926027175e-06
2.08917046332e-06
2.08908002789e-06
2.08898896307e-06
2.08889726644e-06
2.08880493561e-06
2.08871196819e-06
2.08861836178e-06
2.088524114e-06
2.08842922246e-06
2.08833368476e-06
2.08823749854e-06
2.08814066141e-06
2.08804317099e-06
2.08794502491e-06
2.0878462208e-06
2.08774675629e-06
2.08764662902e-06
2.08754583663e-06
2.08744437675e-06
2.08734224704e-06
2.08723944513e-06
2.08713596869e-06
2.08703181537e-06
2.08692698282e-06
2.08682146872e-06
2.08671527071e-06
2.08660838649e-06
2.08650081371e-06
2.08639255005e-06
2.08628359321e-06
2.08617394085e-06
2.08606359068e-06
2.08595254038e-06
2.08584078766e-06
2.08572833021e-06
2.08561516574e-06
2.08550129196e-06
2.08538670658e-06
2.08527140733e-06
2.08515539193e-06
2.0850386581e-06
2.08492120359e-06
2.08480302612e-06
2.08468412344e-06
2.0845644933e-06
2.08444413344e-06
2.08432304164e-06
2.08420121563e-06
2.08407865321e-06
2.08395535213e-06
2.08383131017e-06
2.08370652512e-06
2.08358099476e-06
2.0834547169e-06
2.08332768931e-06
2.08319990982e-06
2.08307137622e-06
2.08294208634e-06
2.08281203799e-06
2.082681229e-06
2.0825496572e-06
2.08241732043e-06
2.08228421653e-06
2.08215034336e-06
2.08201569876e-06
2.0818802806e-06
2.08174162924e-06
2.08160033623e-06
2.08145821098e-06
2.08131525114e-06
2.08117145436e-06
2.08102681827e-06
2.08088134055e-06
2.08073501885e-06
2.08058785086e-06
2.08043983426e-06
2.08029096672e-06
2.08014124595e-06
2.07999066966e-06
2.07983923554e-06
2.07968694131e-06
2.07953378471e-06
2.07937976346e-06
2.07922487531e-06
2.079069118e-06
2.07891248928e-06
2.07875498692e-06
2.0785966087e-06
2.07843735238e-06
2.07827721577e-06
2.07811619664e-06
2.07795429281e-06
2.07779150208e-06
2.07762782228e-06
2.07746325123e-06
2.07729778677e-06
2.07713142674e-06
2.07696416899e-06
2.07679601139e-06
2.0766269518e-06
2.07645698811e-06
2.07628611819e-06
2.07611433994e-06
2.07594165128e-06
2.07576805009e-06
2.07559353432e-06
2.07541810189e-06
2.07524175074e-06
2.07506447881e-06
2.07488628407e-06
2.07470716447e-06
2.074527118e-06
2.07434614263e-06
2.07416423636e-06
2.07398139719e-06
2.07379762314e-06
2.07361291221e-06
2.07342726245e-06
2.0732406719e-06
2.07305313859e-06
2.07286466059e-06
2.07267523597e-06
2.0724848628e-06
2.07229353917e-06
2.07210126317e-06
2.07190803292e-06
2.07171384652e-06
2.07151870211e-06
2.07132259781e-06
2.07112553178e-06
2.07092750216e-06
2.07072850712e-06
2.07052854484e-06
2.0703276135e-06
2.0701257113e-06
2.06992283643e-06
2.06971898712e-06
2.06951416158e-06
2.06930835806e-06
2.06910157479e-06
2.06889381004e-06
2.06868506206e-06
2.06847532914e-06
2.06826460956e-06
2.06805290161e-06
2.06784020361e-06
2.06762651386e-06
2.0674118307e-06
2.06719615246e-06
2.0669794775e-06
2.06676180417e-06
2.06654313084e-06
2.06632345589e-06
2.06610277771e-06
2.0658810947e-06
2.06565840527e-06
2.06543470786e-06
2.06521000088e-06
2.06498428279e-06
2.06475755204e-06
2.06452980709e-06
2.06430104642e-06
2.06407126852e-06
2.06384047188e-06
2.06360865503e-06
2.06337581646e-06
2.06314195472e-06
2.06290706835e-06
2.0626711559e-06
2.06243421594e-06
2.06219624703e-06
2.06195724777e-06
2.06171721675e-06
2.06147615259e-06
2.06123405389e-06
2.06099091929e-06
2.06074674743e-06
2.06050153697e-06
2.06025528656e-06
2.06000799489e-06
2.05975966064e-06
2.0595102825e-06
2.05925985919e-06
2.05900838943e-06
2.05875587194e-06
2.05850230547e-06
2.05824768878e-06
2.05799202062e-06
2.05773529978e-06
2.05747752505e-06
2.05721869522e-06
2.05695880054e-06
2.05669784823e-06
2.05643583723e-06
2.05617276636e-06
2.0559086345e-06
2.0556434405e-06
2.05537718324e-06
2.05510986163e-06
2.05484147455e-06
2.05457202092e-06
2.05430149968e-06
2.05402990974e-06
2.05375725008e-06
2.05348351963e-06
2.05320871739e-06
2.05293284232e-06
2.05265589342e-06
2.0523778697e-06
2.05209877018e-06
2.05181859389e-06
2.05153733987e-06
2.05125500716e-06
2.05097159484e-06
2.05068710198e-06
2.05040152767e-06
2.05011487101e-06
2.04982713111e-06
2.04953830708e-06
2.04924839807e-06
2.04895740322e-06
2.04866532169e-06
2.04837215264e-06
2.04807789526e-06
2.04778254874e-06
2.04748611228e-06
2.0471885851e-06
2.04688996643e-06
2.0465902555e-06
2.04628945156e-06
2.04598755388e-06
2.04568456173e-06
2.0453804744e-06
2.04507529118e-06
2.04476901139e-06
2.04446163433e-06
2.04415315935e-06
2.04384358579e-06
2.04353291299e-06
2.04322114034e-06
2.04290826721e-06
2.04259429298e-06
2.04227921707e-06
2.04196303887e-06
2.04164575783e-06
2.04132737337e-06
2.04100788494e-06
2.04068729201e-06
2.04036559404e-06
2.04004279051e-06
2.03971888093e-06
2.0393938648e-06
2.03906774163e-06
2.03874051095e-06
2.03841217231e-06
2.03808272525e-06
2.03775216935e-06
2.03742050417e-06
2.03708772931e-06
2.03675384435e-06
2.03641884892e-06
2.03608274262e-06
2.03574552511e-06
2.03540719601e-06
2.03506775498e-06
2.0347272017e-06
2.03438553584e-06
2.03404275709e-06
2.03369886515e-06
2.03335385973e-06
2.03300774056e-06
2.03266050737e-06
2.03231215992e-06
2.03196269795e-06
2.03161212124e-06
2.03126042957e-06
2.03090762272e-06
2.03055370052e-06
2.03019866276e-06
2.02984250927e-06
2.0294852399e-06
2.02912685449e-06
2.02876735289e-06
2.02840673499e-06
2.02804500066e-06
2.02768214979e-06
2.02731818229e-06
2.02695309808e-06
2.02658689707e-06
2.02621957922e-06
2.02585114446e-06
2.02548159276e-06
2.02511092409e-06
2.02473913842e-06
2.02436623576e-06
2.0239922161e-06
2.02361707947e-06
2.02324082588e-06
2.02286345537e-06
2.02248496799e-06
2.0221053638e-06
2.02172464287e-06
2.02134280527e-06
2.0209598511e-06
2.02057578047e-06
2.02019059347e-06
2.01980429025e-06
2.01941687092e-06
2.01902833563e-06
2.01863868455e-06
2.01824791783e-06
2.01785603566e-06
2.01746303821e-06
2.0170689257e-06
2.01667369832e-06
2.01627735629e-06
2.01587989986e-06
